(1 (17 13 74 63 78 12 22 82 55 15) 5)
(2 (91 25 91 17 60 91 87 93 15 93) 5)
(3 (74 9 77 92 33 62 54 58 51 10) 4)
(4 (3 20 19 26 67 18 70 18 59 56) 5)
(5 (85 26 24 81 42 8 14 75 83 92) 3)
(6 (38 23 76 5 28 5 18 11 56 2) 1)
(7 (93 15 93 45 60 17 51 54 53 69) 3)
(8 (26 18 70 18 76 59 56 5 80 63) 4)
(9 (5 5 18 11 64 56 2 17 13 74) 7)
(10 (63 36 74 9 16 77 92 62 54 58) 3)
(11 (59 56 5 80 37 63 36 74 9 77) 4)
(12 (11 56 2 17 96 13 74 63 12 22) 2)
(13 (17 51 54 53 72 69 43 86 0 57) 4)
(14 (72 89 61 51 57 36 8 3 20 19) 2)
(15 (13 74 63 12 19 22 82 55 15 85) 2)
(16 (81 91 25 91 52 17 91 87 93 15) 5)
(17 (96 21 29 59 23 89 27 81 91 25) 3)
(18 (36 74 9 77 34 92 62 54 58 51) 2)
(19 (61 51 36 8 27 3 20 19 26 18) 6)
(20 (51 36 8 3 46 20 19 26 18 70) 2)
(21 (64 70 84 39 69 70 50 72 89 61) 3)
(22 (89 61 51 36 46 8 3 20 19 26) 2)
(23 (93 45 17 51 26 54 53 69 43 86) 0)
(24 (22 82 55 15 47 85 26 24 81 8) 6)
(25 (89 61 51 36 54 8 3 20 19 26) 2)
(26 (74 64 70 84 93 39 70 50 72 89) 5)
(27 (38 23 76 5 92 5 18 11 56 2) 1)
(28 (36 74 9 77 56 92 62 54 58 51) 2)
(29 (25 91 17 91 64 87 93 15 93 45) 1)
(30 (17 91 87 93 50 15 93 45 17 51) 6)
(31 (92 11 67 96 4 21 29 59 89 27) 1)
(32 (53 69 43 86 83 0 57 12 52 44) 2)
(33 (17 13 74 63 21 12 22 82 55 15) 5)
(34 (74 64 70 84 32 39 70 50 72 89) 5)
(35 (63 12 22 82 86 55 15 85 26 24) 1)
(36 (81 91 25 91 27 17 91 87 93 15) 5)
(37 (10 44 72 59 43 12 38 23 76 5) 5)
(38 (43 86 0 57 81 12 52 44 74 64) 6)
(39 (44 74 64 70 27 84 39 70 50 72) 1)
(40 (20 19 26 18 40 70 18 59 56 5) 0)
(41 (54 58 51 10 36 44 72 59 12 38) 7)
(42 (27 81 91 25 39 91 17 91 87 93) 7)
(43 (93 15 93 45 14 17 51 54 53 69) 3)
(44 (36 8 3 20 15 19 26 18 70 18) 3)
(45 (51 54 53 69 51 43 86 0 57 12) 4)
(46 (29 59 89 27 14 81 91 25 91 17) 3)
(47 (17 51 54 53 31 69 43 86 0 57) 4)
(48 (63 36 74 9 48 77 92 62 54 58) 3)
(49 (81 91 25 91 72 17 91 87 93 15) 5)
(50 (72 89 61 51 62 36 8 3 20 19) 2)
(51 (23 76 5 5 31 18 11 56 2 17) 5)
(52 (81 91 25 91 29 17 91 87 93 15) 5)
(53 (18 11 56 2 87 17 13 74 63 12) 6)
(54 (17 51 54 53 68 69 43 86 0 57) 4)
(55 (83 92 11 67 5 96 21 29 59 89) 3)
(56 (18 59 56 5 1 80 63 36 74 9) 5)
(57 (17 51 54 53 60 69 43 86 0 57) 4)
(58 (89 27 81 91 9 25 91 17 91 87) 5)
(59 (5 80 63 36 57 74 9 77 92 62) 6)
(60 (18 70 18 59 40 56 5 80 63 36) 2)
(61 (74 63 12 22 11 82 55 15 85 26) 0)
(62 (14 75 83 92 31 11 67 96 21 29) 3)
(63 (96 21 29 59 89 89 27 81 91 25) 3)
(64 (55 15 85 26 40 24 81 8 14 75) 3)
(65 (91 25 91 17 82 91 87 93 15 93) 5)
(66 (93 45 17 51 34 54 53 69 43 86) 0)
(67 (86 0 57 12 67 52 44 74 64 70) 4)
(68 (25 91 17 91 71 87 93 15 93 45) 1)
(69 (91 17 91 87 31 93 15 93 45 17) 3)
(70 (85 26 24 81 37 8 14 75 83 92) 3)
(71 (62 54 58 51 93 10 44 72 59 12) 6)
(72 (14 75 83 92 71 11 67 96 21 29) 3)
(73 (70 18 59 56 80 5 80 63 36 74) 1)
(74 (18 70 18 59 57 56 5 80 63 36) 2)
(75 (54 53 69 43 90 86 0 57 12 52) 4)
(76 (75 83 92 11 7 67 96 21 29 59) 1)
(77 (44 72 59 12 18 38 23 76 5 5) 2
(78 (14 75 83 92 82 11 67 96 21 29) 3)
(79 (5 18 11 56 71 2 17 13 74 63) 4)
(80 (36 74 9 77 53 92 62 54 58 51) 2)
(81 (36 8 3 20 51 19 26 18 70 18) 3)
(82 (21 29 59 89 51 27 81 91 25 91) 1)
(83 (92 11 67 96 16 21 29 59 89 27) 1)
(84 (18 70 18 59 76 56 5 80 63 36) 2)
(85 (56 5 80 63 95 36 74 9 77 92) 6)
(86 (74 64 70 84 21 39 70 50 72 89) 5)
(87 (12 38 23 76 39 5 5 18 11 56) 2)
(88 (96 21 29 59 2 89 27 81 91 25) 3)
(89 (15 85 26 24 47 81 8 14 75 83) 4)
(90 (54 53 69 43 45 86 0 57 12 52) 4)
(91 (45 17 51 54 78 53 69 43 86 0) 1)
(92 (84 39 70 50 79 72 89 61 51 36) 0)
(93 (70 84 39 70 49 50 72 89 61 51) 4)
(94 (22 82 55 15 54 85 26 24 81 8) 6)
(95 (12 38 23 76 63 5 5 18 11 56) 2)
(96 (51 36 8 3 83 20 19 26 18 70) 2) 
(97 (57 12 52 44 77 74 64 70 84 39) 6)
(98 (29 59 89 27 24 81 91 25 91 17) 3)
(99 (81 91 25 91 83 17 91 87 93 15) 5)
(100 (53 69 43 86 63 0 57 12 52 44) 2)
